10 10635685935044392 -5077 15893 -506 291669 18360809 7203 -4583 -5205 8323 -5468 -901
54 10635686007180598 25782 -4749 380 195492 5649938 5169 8352 -1873 5735 8187 -240
99 10635686043954431 25556 -2591 2520 367817 1065926 -493 -1485 9876 3604 -4902 7935
4 10635686084659713 25616 -2601 619 167186 10617241 9874 -1576 -49 9771 -597 -2040
68 10635686314667934 26005 -497 297 89348 1930360 6703 -7040 -2345 2632 -9249 -2743
8 10635686321272028 -7151 -9413 84 335773 17214513 6134 -5179 -5961 7909 -5987 -1262
28 10635686329373199 27929 -3723 292 105908 1241066 1084 -9911 762 2243 -9373 -2664
10 10635686463041241 -5077 15893 -506 335405 20708637 7349 -4475 -5095 8448 -5261 -969
88 10635686563134684 27865 -4303 -29 76876 629560 5173 8333 -1947 3459 9358 676
4 10635686572704463 25616 -2601 619 190414 11707379 9800 -1695 1038 9859 -704 -1514
62 10635686782500301 26494 -269 294 89683 2667755 9336 -1911 -3028 9295 -3653 -488
8 10635686833268390 -7151 -9413 84 281150 10789087 4693 -4901 -7344 6859 -6966 -2100
10 10635686991038397 -5077 15893 -507 322276 18239825 7025 -4417 -5579 8306 -5442 -1175
53 10635686999257084 25198 -4659 304 122468 1309779 5505 -1332 -8240 6491 -1754 -7401
106 10635687046518161 25337 -2800 298 102235 1098911 3397 -1601 9267 7522 -184 6586
4 10635687060749115 25616 -2601 620 170596 9434927 9425 -2394 2329 9769 -1527 -1491
64 10635687102475155 28548 -1457 -144 54220 1226664 -5396 8146 -2126 -6768 7329 674
13 10635687339052581 25908 -5727 552 17877 1124373 1434 896 9855 6225 7816 379
8 10635687345264715 -7151 -9412 83 240470 6767210 3613 -4527 -8151 5481 -7804 -3006
24 10635687449601350 26011 -5457 1201 136941 1346922 3477 -3394 8739 6355 -5726 5178
14 10635687452950383 26193 -5700 -479 53819 516178 -6577 1099 -7451 -3486 7636 5434
10 10635687519034677 -5077 15893 -507 270208 13303886 6482 -4483 -6153 7868 -6007 -1413
4 10635687548793086 25616 -2602 621 170678 8255868 7954 -5001 3422 8313 -5400 -1311
38 10635687668044387 26827 -385 196 51652 868920 3365 2406 -9104 9838 -535 1708
8 10635687857260941 -7152 -9412 84 202311 2745066 1579 -3100 -9375 -2117 -6918 -6902
52 10635687965180498 27308 -5769 411 142243 935159 1978 2405 9502 6709 6990 2473
16 10635687996769633 27795 -5549 -30 49394 217730 -530 -904 -9944 -2924 6116 -7351
4 10635688036838145 25616 -2601 621 149815 6662609 8024 -4779 3572 8334 -5233 -1773
10 10635688047031649 -5077 15893 -507 276580 13154235 6712 -4116 -6164 8256 -5448 -1467
57 10635688083142266 25060 -4084 101 224646 2754898 -7691 -3589 5286 -8202 -5719 -65
23 10635688255656478 25404 -5070 805 130429 943108 5444 -151 -8386 -3364 4405 -8322
8 10635688369256797 -7152 -9412 83 193493 1821819 2264 -2038 -9524 2361 -565 -9700
4 10635688524883021 25616 -2601 622 128272 4881360 8486 -1911 4931 9783 -419 -2026
10 10635688575028473 -5077 15894 -507 269373 11754556 7117 -2662 -6500 9294 -3268 -1709
49 10635688670792984 28069 -4435 292 71487 927091 -5219 2378 8191 -4267 8082 4057
74 10635688687595957 25016 -1572 396 149798 420693 3488 1350 -9274 4189 7015 5764
8 10635688881252919 -7152 -9412 83 191438 2341250 2664 -3066 -9137 3922 -6325 -6678
75 10635689001025065 26178 -1227 -420 150136 439054 2196 -8793 -4225 -9625 -2680 397
4 10635689012927610 25615 -2601 622 78821 1587973 7150 -966 6923 5645 4003 -7218
10 10635689103025543 -5077 15894 -506 210930 6280877 6157 -2417 -7499 8990 -3490 -2643
73 10635689103308118 25237 -1702 189 100942 426600 1301 3225 -9375 2701 9021 3363
61 10635689244688932 27070 -193 5 132663 2139008 -3888 7314 5601 -5379 8426 232
8 10635689393249223 -7152 -9411 80 280428 5331807 1844 543 -9813 2184 7420 -6337
59 10635689433086850 27655 -4353 874 72108 716543 -832 110 9964 197 5561 8308
4 10635689500972741 25615 -2601 621 56832 3317115 7066 5076 4929 -410 8712 -4890
10 10635689631022485 -5077 15894 -509 296921 5478667 3736 -1080 -9212 6751 -2027 -7093
40 10635689656796946 27198 -482 1765 326263 1541973 1611 1883 9687 6503 744 7559
100 10635689701564133 26170 57 954 149362 1720833 -1917 8650 -4635 -5727 8037 1609
8 10635689905245314 -7152 -9411 81 258851 6519363 2828 1293 -9503 4307 7940 -4287
4 10635689989017353 25615 -2601 623 62738 1493329 6007 -767 7957 -3295 4314 -8397
44 10635690069087476 25807 -1669 272 151651 2771498 -6636 6898 2894 -1946 9317 3066
65 10635690119937047 28279 -932 388 80335 668000 -7008 4320 -5675 -4227 8626 2776
10 10635690159019360 -5077 15894 -510 312353 6365966 4056 -60 -9140 7521 1695 -6368
98 10635690171204072 26419 -6089 1759 113651 1388056 -7305 5397 4182 -8713 4431 2106
71 10635690345361621 27790 -919 721 6340 486176 -4358 -5773 -6904 7947 5919 -1338
66 10635690347229830 27801 -512 -10 16006 515784 5625 6637 4929 -8065 5153 -2895
63 10635690399691369 28401 -1842 104 78821 740663 -1715 -2096 9626 1330 -3184 9385
8 10635690417241500 -7151 -9412 80 284745 6904033 3718 372 -9275 7444 4949 -4481
4 10635690477061834 25615 -2601 624 91742 2638173 1771 1091 9781 -7349 6475 -2013
47 10635690520461602 27444 -5883 226 69400 1989198 -4338 8883 1500 -7742 6107 -1656
67 10635690550166158 26708 -696 153 82121 1093755 -999 2693 9578 -4789 2864 8297
10 10635690687016187 -5077 15894 -509 303927 8668106 5553 -698 -8286 9218 -270 -3865
58 10635690758894031 25290 -4259 594 49578 1184796 4739 -8733 1120 3587 -8393 -4083
54 10635690839153728 25779 -4748 374 180589 3750531 431 7603 -6480 2570 9504 -1750
105 10635690850669150 25355 -1918 -849 221416 704497 -4092 6207 6686 -6235 7299 -2799
8 10635690929237461 -7151 -9412 80 290379 8455634 4949 -458 -8677 9216 1953 -3351
4 10635690965106527 25616 -2601 624 86029 2562153 4531 2357 8596 -878 9429 -3212
28 10635690996348934 27928 -3715 284 84118 1159416 -370 5980 -8006 1569 7860 -5978
99 10635691165874044 25557 -2587 2515 317585 833294 -1894 -501 9805 -7680 1093 6309
10 10635691215013156 -5077 15894 -509 281664 6843062 5211 -64 -8534 8726 1745 -4560
68 10635691237635998 26003 -497 302 93328 2395825 -1129 -9688 2202 -4259 -8963 -1231
8 10635691441233627 -7151 -9412 80 272075 6654802 4478 -314 -8935 8744 2790 -3968
4 10635691453151466 25615 -2601 624 78722 2499526 2485 1461 9575 -6674 6730 -3185
88 10635691614081031 27866 -4304 -20 91744 741382 2086 4045 8903 -5806 1951 7903
62 10635691667468116 26493 -269 293 44202 968350 6262 -446 -7783 8792 -4281 -2090
10 10635691743010065 -5078 15894 -509 257682 3418774 3033 -39 -9528 930 3349 -9376
53 10635691826233644 25196 -4662 312 117470 1991173 3759 -9171 1323 1512 -9872 -491
13 10635691910007331 25908 -5726 550 45374 1508609 -5886 8080 -208 -708 9953 -646
4 10635691941196261 25615 -2602 625 105593 3348483 123 947 9954 -8756 4770 -744
8 10635691953229742 -7152 -9411 80 269279 6258285 2890 1412 -9468 3748 8087 -4532
64 10635691998444954 28554 -1460 -148 84253 895875 7827 2143 -5842 7429 6631 -915
14 10635692028906983 26194 -5700 -483 74195 1212695 194 3856 -9224 5705 8182 702
24 10635692089579541 26011 -5458 1193 51435 513122 881 -9956 316 -1212 -9788 -1648
106 10635692214493540 25337 -2798 295 92288 1791226 2667 8191 5078 2191 9566 1918
10 10635692271006952 -5077 15894 -509 293935 4915350 3989 -463 -9158 6742 318 -7378
38 10635692399008524 26826 -385 191 109475 340227 -1475 -25 -9890 -5110 -5095 -6922
4 10635692429240479 25616 -2601 625 147658 6166407 5038 4377 7446 4276 9035 -262
8 10635692465226234 -7151 -9411 79 293217 6908448 3755 867 -9227 6805 5806 -4469
16 10635692588742121 27796 -5548 -33 110992 1477802 6900 883 -7183 9063 3145 -2819
52 10635692786153485 27306 -5767 411 150176 1125402 -402 4107 9108 93 9746 2236
10 10635692799003877 -5077 15894 -508 264549 5654686 4925 558 -8684 7598 4140 -5011
23 10635692890620144 25405 -5072 805 128093 1474134 3755 -4683 -7997 -6931 -5275 -4910
4 10635692917285485 25616 -2601 626 141704 5051346 2213 4305 8750 -1082 9940 144
57 10635692936109194 25061 -4085 100 219849 2539361 -7891 -3570 4996 -8364 -5475 -250
8 10635692977222212 -7152 -9412 79 295977 4231295 2610 -115 -9652 4620 4021 -7904
10 10635693327000738 -5077 15894 -508 232674 3754954 4522 407 -8909 5815 5117 -6323
4 10635693405329983 25615 -2602 626 111808 5152568 -1277 3844 9142 -7573 6499 -626
49 10635693470761779 28067 -4435 292 117816 1177843 -5316 630 8445 -7493 3412 5674
8 10635693489218196 -7151 -9412 78 308763 4263608 2223 30 -9749 2842 4581 -8422
74 10635693649539944 25021 -1573 396 198069 1760141 7784 -1429 -6111 8940 -3873 2252
10 10635693854997420 -5077 15894 -509 271203 4280357 3784 596 -9236 4236 5164 -7441
4 10635693893374845 25616 -2601 624 70745 4649165 1939 8052 5603 -3788 8692 -3177
75 10635693969050040 26180 -1227 -425 169184 1890621 7063 -3773 -5988 8023 5852 -1174
8 10635694001214537 -7151 -9412 78 317756 7134196 4194 -84 -9077 8509 2459 -4641
73 10635694058270433 25242 -1699 198 183329 3190058 6947 7136 -894 7194 6711 1789
61 10635694124651465 27071 -192 9 150259 2161054 -2789 7639 5818 -4006 9145 559
59 10635694297059051 27654 -4354 878 82720 734524 1307 -4092 9030 5011 -3287 8004
4 10635694381419925 25616 -2602 624 75324 3706941 6404 5973 4826 1956 8891 -4136
10 10635694382994589 -5077 15894 -509 273140 4342566 4393 -475 -8970 7129 97 -7011
40 10635694400816137 27204 -480 1750 274089 2906209 5927 4493 6684 8764 4428 1891
8 10635694513210452 -7151 -9412 78 320497 8421298 4916 -158 -8706 9110 1845 -3686
100 10635694829582143 26171 57 950 143971 1177197 -1435 7519 -6433 -7158 6875 1216
44 10635694837054870 25808 -1669 267 91632 1455516 -7931 5975 -1174 2629 9172 2992
4 10635694869464025 25617 -2602 624 143552 7340893 9696 -2438 175 9223 -2476 -2965
10 10635694910991422 -5076 15893 -509 321227 10824239 6358 -2169 -7406 8911 -3678 -2655
65 10635695023953942 28279 -932 386 76461 299669 -6749 2457 -6956 -6223 6425 4470
8 10635695025206430 -7151 -9412 78 346512 10457232 5375 -2098 -8167 8991 -3180 -3004
66 10635695259192285 27801 -512 -5 69451 616726 6114 -1121 7833 9481 -1014 3012
98 10635695286177626 26419 -6089 1759 113651 1388056 -7305 5397 4182 -8713 4431 2106
71 10635695289340095 27790 -920 720 69413 1178319 3136 -6336 -7071 7166 -6100 -3379
63 10635695290661819 28402 -1842 106 109011 1455928 2784 -2262 9334 7748 -2220 5917
47 10635695309454106 27446 -5884 229 89249 1300709 7970 3341 5029 9802 1964 -209
4 10635695357508680 25617 -2602 625 193547 10473856 9854 -1402 961 9797 -868 -1806
10 10635695438988170 -5076 15893 -509 382076 16445155 7179 -2816 -6366 8993 -3990 -1785
67 10635695467153694 26710 -699 147 104125 2215414 7547 -6441 -1238 7103 -6981 894
8 10635695537202741 -7150 -9413 77 423434 16494653 6195 -2858 -7310 8926 -3951 -2169
58 10635695617847598 25291 -4260 593 93532 1899519 6372 -6725 -3762 6023 -6847 -4102
28 10635695663324630 27929 -3713 279 156996 1455080 272 4445 -8953 2053 5834 -7857
54 10635695671126150 25779 -4748 375 167452 3600993 2728 8217 -5002 4504 8855 -1134
4 10635695845553309 25617 -2602 625 160164 8074444 9984 -379 415 9654 374 -2579
10 10635695966984900 -5076 15893 -509 358020 14854260 7455 -2641 -6118 9192 -3574 -1650
105 10635696010695276 25357 -1917 -853 136868 916628 -2858 8124 5080 6778 -602 -7327
8 10635696049198798 -7150 -9412 76 392301 11876662 5482 -2130 -8086 8986 -3102 -3102
68 10635696160604020 26004 -498 300 140583 2924196 1738 -9829 598 -501 -9915 -1192
99 10635696287794568 25558 -2585 2533 379459 999107 -1701 -574 9837 -5827 -518 8110
4 10635696333598288 25616 -2603 626 43644 4114860 2284 -6833 6933 -7922 -4558 -4056
13 10635696480962073 25908 -5726 551 33673 1305052 -2898 9569 135 2107 9754 -647
10 10635696494981998 -5076 15894 -508 299171 10448553 7581 218 -6517 9574 2189 -1878
62 10635696552436431 26493 -269 293 47481 1303989 8251 -3539 -4403 8400 -5370 -762
8 10635696561195131 -7151 -9412 79 275718 5788065 5398 -1657 -8252 9216 -1741 -3468
14 10635696604862507 26194 -5699 -477 29006 722745 -6072 4587 6486 1654 3742 9124
53 10635696653209971 25197 -4663 312 125251 2036113 3188 -9450 -721 525 -9886 -1408
88 10635696665027738 27867 -4306 -21 84079 732820 5782 -27 8158 880 -7681 6341
24 10635696729557876 26012 -5458 1197 99275 1439195 5088 -7928 3353 6249 -7761 839
4 10635696821642876 25616 -2603 628 112668 3667804 2429 -4815 8420 -5461 -8259 -1395
64 10635696894416030 28554 -1461 -149 60457 357166 6346 1241 -7627 3652 9095 -1984
10 10635697022978712 -5077 15894 -507 180720 6900413 3165 2958 -9012 -5480 8135 -1941
8 10635697073191142 -7151 -9412 80 187288 2441891 3961 39 -9181 -1799 9003 -3961
38 10635697129972957 26827 -385 189 118406 923556 1640 -1235 -9786 7734 -5697 -2779
16 10635697180714481 27794 -5547 -32 65710 1396179 669 7875 -6126 -340 9987 -371
4 10635697309687766 25616 -2603 628 102134 1295893 3906 -2131 8955 -7011 -5639 -4363
106 10635697382468888 25338 -2798 296 89921 1457112 3502 6950 6278 3545 8933 2762
23 10635697525583782 25406 -5072 804 159805 1158825 4709 -4116 -7802 -3414 -6034 -7205
10 10635697550975641 -5078 15895 -507 167054 12011821 -484 5489 -8344 -7263 6833 -734
8 10635697585187250 -7152 -9411 79 207112 9769353 -609 3270 -9430 -7054 6944 -1419
52 10635697607127341 27304 -5768 409 106087 510301 235 2743 9613 5231 8488 757
57 10635697789075174 25062 -4085 101 188942 1874009 -7142 -4348 5484 -7378 -6733 -464
4 10635697797732290 25616 -2603 630 145063 3283816 463 242 9986 -9394 3192 1246
10 10635698078972240 -5078 15895 -506 162124 11896191 -1282 5153 -8473 -7876 6120 -711
8 10635698097183629 -7152 -9411 78 218854 7217227 324 1917 -9809 -7184 6538 -2372
49 10635698270730064 28069 -4434 296 155357 1737716 -2524 3856 8874 -2290 8278 5120
4 10635698285776943 25616 -2602 630 166211 7337991 -2573 2793 9250 -8620 5013 746
10 10635698606969793 -5078 15895 -506 167446 12168733 -1650 5406 -8248 -7832 6173 -737
8 10635698609179617 -7152 -9411 78 200055 6901570 137 1853 -9825 -7738 6026 -1947
74 10635698611483199 25021 -1573 396 202862 1741716 8176 -976 -5673 9322 -2704 2403
4 10635698773822016 25616 -2603 629 114468 4636842 -1233 1843 9750 -9134 4037 -509
75 10635698937074869 26179 -1227 -430 175910 1659999 4906 -2378 -8382 3632 8813 -3020
61 10635699004613329 27071 -193 9 116120 1325012 -5550 4417 7047 -9395 3357 668
73 10635699013233668 25242 -1698 197 162372 2438488 5990 7827 -1686 5856 7850 2017
8 10635699121175705 -7152 -9411 79 181576 9904578 -768 4824 -8725 -6341 7705 -634
10 10635699134966305 -5078 15895 -506 214901 14556417 189 7860 -6178 -4493 8917 -526
40 10635699144838037 27203 -480 1751 253322 2296272 5868 4363 6820 8948 3975 2029
59 10635699161030146 27653 -4352 883 123374 977195 1477 -682 9866 5291 1205 8399
4 10635699261866275 25616 -2603 630 109000 2709425 979 -1906 9767 -9410 -3113 -1318
44 10635699605022445 25807 -1668 270 130245 2225785 -5214 7908 3205 1411 9219 3605
8 10635699633171978 -7152 -9411 78 227256 11354313 -1345 4636 -8757 -6401 7589 -1194
10 10635699662963248 -5078 15895 -505 169538 14584956 -3992 6583 -6381 -8194 5728 -204
4 10635699749911133 25616 -2603 630 126959 6336006 -3456 1003 9329 -9811 1921 -211
65 10635699927970942 28280 -930 389 96688 1979299 9 9396 -3420 4274 8964 1167
100 10635699957600707 26170 57 949 124551 1672007 -5432 6903 -4779 -9677 1643 1908
47 10635700098446424 27443 -5883 228 101679 3207650 -8070 5899 -269 -9219 3617 -1383
8 10635700145168192 -7152 -9411 77 230647 10978394 -2105 3743 -9030 -7663 6278 -1359
66 10635700171155170 27799 -513 0 99201 521552 1266 362 9912 -771 4523 8884
63 10635700181631775 28400 -1841 107 101558 907143 195 -521 9984 4032 1154 9077
10 10635700190960012 -5078 15895 -506 187722 13860034 -4188 4593 -7833 -8955 4384 -758
71 10635700233318429 27790 -920 721 63076 1034501 -222 -9986 -469 2696 -9616 -491
4 10635700237955808 25616 -2603 631 151310 6831274 -3516 1272 9274 -9682 2469 385
28 10635700330299949 27927 -3715 287 182518 3210394 -6103 7785 -1462 -6782 7272 -1053
67 10635700384140862 26708 -698 155 99199 1726261 -4133 45 9105 -8329 384 5520
98 10635700401148820 26419 -6089 1759 113651 1388056 -7305 5397 4182 -8713 4431 2106
58 10635700476801123 25289 -4259 597 29560 953095 -8397 4835 2471 -7365 5015 -4537
54 10635700503098916 25776 -4746 381 144329 2245541 -3440 7466 -5692 -3022 9388 -1652
8 10635700657164237 -7152 -9411 77 214817 10906610 -2745 3756 -8851 -8163 5680 -1044
10 10635700718957645 -5078 15895 -506 195164 13845709 -4528 4089 -7922 -9180 3871 -856
4 10635700726000931 25616 -2603 630 145714 7709064 -4715 1838 8624 -9664 2568 18
13 10635701051917673 25908 -5725 552 68159 1812721 -1568 9854 653 1159 9927 -313
68 10635701083571980 26003 -498 299 110754 2223737 -357 -9954 878 -3385 -9293 -1471
8 10635701169160148 -7152 -9411 77 220390 9036336 -2599 1525 -9535 -9449 2824 -1650
105 10635701170721270 25356 -1916 -853 139881 754569 -3330 7960 5053 5156 -725 -8537
14 10635701180817098 26193 -5699 -476 47554 871146 -3189 4284 8453 1807 4110 8935
4 10635701214044995 25616 -2603 630 134104 9822102 -7677 395 6395 -9970 169 -751
10 10635701246953897 -5078 15894 -507 194564 15536665 -6416 3057 -7033 -9693 2401 -524
24 10635701369536396 26011 -5458 1194 59181 897219 -4711 -7202 -5092 -9378 -718 -3394
99 10635701409712976 25561 -2581 2522 265548 1360475 -2987 987 9491 -8795 4671 907
62 10635701437403805 26494 -268 284 139043 921501 979 2014 -9745 -1075 3377 -9350
53 10635701480186350 25194 -4661 317 67870 752184 -2949 -4769 8279 -8613 -4484 2387
8 10635701681156436 -7152 -9411 75 280942 8963934 -1500 2424 -9584 -7780 5606 -2833
4 10635701702089902 25616 -2603 630 121807 7059455 -4000 5605 7250 -7432 6616 -985
88 10635701715973272 27864 -4304 -21 78154 1257681 -4518 5245 7215 -9304 1298 3425
16 10635701772686007 27794 -5547 -32 68332 1353385 622 8246 -5621 -408 9986 -309
10 10635701774950908 -5078 15894 -506 163606 13474693 -6900 1159 -7143 -9981 509 -318
64 10635701790387067 28554 -1463 -144 32533 454263 4456 -8818 1542 -5315 -7359 4193
38 10635701860938241 26825 -386 188 128345 1560610 -5535 -1174 -8245 -9690 -2094 -1307
23 10635702160547028 25403 -5072 814 44851 1598161 -348 -5872 -8086 -9797 -798 -1834
4 10635702190134964 25616 -2602 630 102036 6350154 -4200 6212 6615 -7399 6512 -1684
8 10635702193152490 -7152 -9411 75 292960 12922490 -2314 4535 -8606 -6581 7336 -1689
10 10635702302947698 -5078 15894 -507 177174 10127958 -4211 1879 -8873 -9804 1573 -1180
52 10635702428100846 27302 -5770 407 82715 477495 -5008 -962 8601 -8411 -4724 -2631
106 10635702550444631 25337 -2797 296 108005 1968776 -1017 9015 4205 -2318 9608 1514
57 10635702642043353 25061 -4087 100 218737 2481795 -7911 -4763 3835 -7740 -6277 -821
4 10635702678179203 25616 -2603 630 114702 7685689 -5929 5859 5523 -8285 5395 -1493
8 10635702705148732 -7153 -9411 76 269909 14980743 -4498 4644 -7628 -8211 5639 -875
10 10635702830944602 -5078 15895 -507 191358 11666463 -4676 3914 -7925 -9166 3888 -925
49 10635703070698784 28066 -4433 296 175475 2130004 -3911 4833 7831 -3861 8294 4036
4 10635703166223898 25616 -2602 632 241015 13682041 -4989 6403 5839 -6893 7242 195
8 10635703217145054 -7152 -9411 74 276672 10168360 -2363 3608 -9021 -7450 6343 -2062
10 10635703358941161 -5078 15895 -506 159107 11350571 -6026 4176 -6799 -9396 3415 -196
74 10635703573427574 25023 -1573 389 217558 1440185 6659 -2134 -7148 7792 -6115 1368
4 10635703654268588 25616 -2602 634 223784 9530903 -3803 4591 8027 -7217 6851 985
8 10635703729141054 -7152 -9411 74 282060 4659930 1715 2173 -9609 2981 7970 -5252
61 10635703884575551 27070 -193 10 120840 1325012 -5836 4424 6808 -9395 3357 668
10 10635703886938677 -5078 15895 -507 163980 7721902 -3742 1889 -9078 -9814 1401 -1304
40 10635703888858950 27204 -480 1752 262509 2296272 6034 4375 6665 8948 3975 2029
75 10635703905100202 26179 -1229 -435 199009 1564362 4230 -2204 -8788 3235 8518 -4118
73 10635703968196392 25242 -1699 199 105939 1320538 5360 8393 902 3052 7699 5603
59 10635704025002684 27652 -4354 879 88889 735272 -417 320 9986 491 5576 8286
4 10635704142313528 25617 -2603 634 181353 5427205 -124 4556 8900 -1513 9827 1063
8 10635704241137257 -7151 -9412 72 350965 9433251 4036 -992 -9095 8768 -3320 -3476
44 10635704372989259 25811 -1665 266 182091 4017732 3337 9424 -218 7266 6783 1087
10 10635704414935194 -5078 15894 -507 155498 3503506 284 -1273 -9914 -5901 -7431 -3153
4 10635704630358072 25617 -2603 632 116155 4997193 4758 5344 6984 6346 7510 -1822
8 10635704753133272 -7151 -9412 71 368655 7845179 3171 -1045 -9425 7676 -4258 -4788
65 10635704831988388 28279 -930 388 41003 981908 3355 7896 -5137 8614 3953 3188
47 10635704887438838 27444 -5883 226 83003 1559415 -1637 7846 -5979 -4915 7112 -5024
10 10635704942931996 -5077 15894 -508 172687 2850514 3103 -514 -9492 6662 -6044 -4367
28 10635704997275204 27928 -3713 284 213043 3095290 -4763 8145 -3310 -5564 8081 -1931
63 10635705072603063 28400 -1841 107 100836 887066 566 -1022 9931 4694 -155 8828
66 10635705083116436 27801 -513 -6 48666 338119 7849 -119 6194 9884 1447 -438
100 10635705085618963 26170 57 948 105104 1297386 -5737 6988 -4271 -9478 102 3185
4 10635705118402731 25617 -2603 633 116154 3568945 4105 3926 8229 6747 7140 -1869
71 10635705177295143 27791 -917 727 131915 2454410 4304 4700 7705 5755 7633 2934
8 10635705265129382 -7152 -9412 71 341646 3908837 1356 -402 -9899 1059 -4084 -9066
67 10635705301128429 26710 -700 157 112277 1273691 -1219 -931 9881 -5332 -1273 8363
54 10635705335071552 25775 -4746 380 127048 1978524 -2300 8754 -4249 -1015 9915 -806
58 10635705335755195 25289 -4259 596 42291 1080665 -7930 -2756 -5432 -7811 -1631 -6027
10 10635705470929031 -5077 15895 -507 142329 1726860 3375 1580 -9279 8455 3896 -3649
98 10635705516121347 26419 -6089 1759 113651 1388056 -7305 5397 4182 -8713 4431 2106
4 10635705606447076 25617 -2603 633 124195 3149062 3142 3855 8675 5416 8293 -1366
13 10635705622872203 25908 -5724 552 82952 1823118 -3525 9042 2406 -834 9962 235
14 10635705756773620 26193 -5700 -495 210082 1789155 -2410 2239 -9443 -2645 8587 -4388
8 10635705777125916 -7152 -9412 69 354857 4921169 1947 -797 -9776 4320 -5191 -7374
10 10635705998926153 -5077 15894 -507 146864 1533715 1635 -111 -9864 -3664 -7320 -5742
68 10635706006540374 26003 -498 300 109417 1828293 -173 -9597 2801 -2910 -9520 -941
24 10635706009514121 26011 -5458 1196 42127 742059 -5573 -7165 -4193 -9332 1959 -3009
4 10635706094491983 25617 -2603 632 93860 2453102 2989 4709 8299 3203 8595 -3981
8 10635706289121730 -7151 -9412 69 362437 7586103 3369 -958 -9366 8110 -3737 -4499
53 10635706307162911 25198 -4663 313 117909 1535847 6752 -7307 1003 7537 -6537 -667
62 10635706322372551 26495 -268 284 172099 1939180 5135 -72 -8580 8495 -2606 -4585
105 10635706330748292 25359 -1915 -862 123295 2893379 3331 4792 -8120 7044 -4102 -5791
16 10635706364658914 27795 -5547 -34 140538 1778898 6723 1298 -7287 9354 1671 -3115
10 10635706526922842 -5077 15894 -507 160294 2819059 1620 -1337 -9776 -1464 -9062 -3965
99 10635706531632120 25561 -2581 2521 249890 1048410 -2799 869 9560 -8732 4838 579
4 10635706582536825 25617 -2603 633 122414 4863701 1619 6956 6998 751 9823 -1711
38 10635706591902546 26825 -386 186 125132 1284806 -5321 -1176 -8384 -9602 -2405 -1413
64 10635706686358561 28556 -1463 -148 53964 156795 7474 -1782 -6399 9032 4202 -870
88 10635706766919991 27868 -4307 -26 113448 2060980 8101 -5484 -2070 5135 -8560 -582
23 10635706795510908 25403 -5072 814 32481 1537812 -3257 -7490 -5768 -9928 -470 -1096
8 10635706801118015 -7151 -9411 69 324286 5343983 2989 -806 -9508 7479 -4121 -5202
10 10635707054919483 -5077 15894 -506 118041 3791087 5544 -2045 -8067 7614 -6480 171
4 10635707070581495 25617 -2602 634 158735 6669412 -887 7059 7026 -2966 9534 -549
52 10635707249073897 27302 -5770 414 135273 296133 -1142 1193 9862 -2228 5808 7828
8 10635707313114074 -7152 -9411 69 281378 2498072 1194 -90 -9927 -4113 -2317 -8815
57 10635707495010180 25063 -4087 101 132616 1008186 -5728 -6234 5320 -3047 -9213 -2412
4 10635707558626358 25617 -2603 634 169017 8043056 -4670 5301 7076 -8411 5400 -291
10 10635707582916403 -5078 15895 -503 38194 4237795 -4027 8575 -3199 -8040 4505 3880
106 10635707718419956 25337 -2799 296 54064 546385 2345 5030 8318 3659 7568 5415
8 10635707825110121 -7152 -9411 70 234737 4903477 -608 788 -9950 -9477 1720 -2687
49 10635707870667307 28066 -4434 293 136085 1143795 -2285 3297 9159 -1066 7455 6578
4 10635708046670940 25617 -2603 635 175186 8601440 -5163 5343 6692 -8564 5150 -343
10 10635708110913242 -5078 15895 -503 94888 8727710 -7130 6942 980 -8416 4865 2342
8 10635708337106329 -7152 -9411 69 238211 6926900 -1784 1235 -9761 -9568 2244 -1846
4 10635708534715972 25617 -2603 635 167887 7380674 -3918 6198 6799 -7158 6965 -492
74 10635708535371195 25025 -1573 385 250040 1529387 6478 -2183 -7297 7695 -6372 417
40 10635708632879863 27204 -479 1753 271821 2296272 6186 4385 6518 8948 3975 2029
10 10635708638910265 -5078 15895 -503 138305 11602866 -7279 6815 742 -8305 5284 1762
61 10635708764537433 27069 -193 11 145095 1605660 -6259 4014 6685 -9456 3029 1180
8 10635708849102542 -7152 -9411 68 268978 6150119 -1291 0 -9916 -9473 -982 -3046
75 10635708873125082 26178 -1229 -440 243500 1862294 3221 -1110 -9401 1745 8400 -5136
59 10635708888973208 27652 -4353 878 114133 1270778 -3109 3056 8999 -4310 7344 5241
73 10635708923158692 25243 -1700 200 102656 1246867 7514 5751 3232 6709 2474 6989
4 10635709022760886 25617 -2603 636 154944 5788036 -3201 5838 7460 -6947 7164 -628
44 10635709140956420 25810 -1665 266 184503 3298386 185 9976 658 3967 9032 1637
10 10635709166907003 -5078 15895 -504 117736 8843887 -5562 8062 -2014 -7333 6617 1558
8 10635709361098455 -7152 -9411 68 275443 7794909 -2165 832 -9727 -9618 1329 -2390
4 10635709510805126 25617 -2603 636 148553 6945938 -5707 4348 6965 -9518 2937 -871
28 10635709664250250 27928 -3716 287 157238 2433793 -7100 7026 -462 -7583 6463 -845
47 10635709676431172 27442 -5883 229 99067 2560148 -7682 5983 -2275 -9092 3550 -2173
10 10635709694904027 -5078 15895 -504 73595 5032569 -5428 7012 -4620 -8380 4935 2324
65 10635709736005857 28279 -931 388 66295 794745 -3337 8128 -4773 2644 9161 3011
8 10635709873094832 -7152 -9411 67 281234 6437150 -1624 607 -9848 -9465 948 -3083
63 10635709963573762 28399 -1842 106 90205 693909 -1097 -1850 9765 166 -2583 9659
66 10635709995079554 27801 -513 -5 54596 185191 3850 674 9204 -1905 7334 6524
4 10635709998849978 25617 -2603 636 130167 4686776 -4409 4018 8025 -9499 2845 -1290
71 10635710121273039 27789 -917 725 94155 1558352 1269 5350 8352 2917 8923 3444
54 10635710167044439 25775 -4745 379 137436 1869947 -2804 8271 -4870 -1967 9719 -1288
13 10635710193828117 25906 -5724 552 116197 2101519 -8656 4941 810 -7279 6849 -293
58 10635710194708708 25289 -4259 596 41462 952854 -7442 -1056 -6594 -7260 72 -6876
100 10635710213636401 26170 57 948 122145 1408365 -5723 6745 -4661 -9654 1280 2271
67 10635710218116275 26710 -700 157 119333 1275672 -1343 -956 9863 -5160 -1321 8463
10 10635710222900714 -5078 15895 -505 83429 4681705 -4543 6266 -6331 -8435 5089 1713
14 10635710332729664 26194 -5700 -499 239835 1856586 -622 2038 -9770 1900 8244 -5330
8 10635710385090694 -7153 -9411 68 239368 7047222 -2505 746 -9652 -9834 884 -1583
4 10635710486894588 25617 -2603 637 139833 3824334 -2502 5133 8208 -6747 7296 -1106
98 10635710631094166 26419 -6089 1759 113651 1388056 -7305 5397 4182 -8713 4431 2106
24 10635710649493432 26012 -5460 1184 200441 1359497 -344 -2996 -9534 -1319 -1210 -9838
10 10635710750897693 -5078 15895 -505 87247 4916250 -5213 5613 -6427 -8969 4164 1483
8 10635710897086969 -7153 -9411 67 244709 8514356 -3348 1043 -9364 -9834 1323 -1238
68 10635710929508610 26003 -499 300 112716 1679866 -1415 -9082 3938 -4311 -9011 -459
16 10635710956631384 27797 -5547 -31 118397 1517513 9319 2249 -2843 9438 3264 -502
4 10635710974939180 25617 -2603 637 166332 5881823 -3493 5778 7375 -6900 7220 -495
53 10635711134139029 25194 -4661 319 53949 124552 2966 -6020 7413 1840 -8475 4977
62 10635711207339887 26491 -269 289 108876 2180154 -7686 26 -6396 -9805 74 -1963
10 10635711278894540 -5078 15895 -505 78534 5072976 -7008 3687 -6106 -9796 1040 1717
38 10635711322867764 26828 -386 177 199286 1341151 1719 -698 -9826 8248 -2307 -5161
8 10635711409083113 -7153 -9411 67 250534 6196245 -2262 749 -9711 -9722 1042 -2091
23 10635711430473821 25407 -5074 806 164807 1051420 5181 -4536 -7250 2148 -6465 -7320
4 10635711462983748 25618 -2603 637 123716 3314461 -433 6488 7596 -576 9658 -2526
105 10635711490773727 25358 -1925 -842 100590 2797087 -1029 -7987 5928 2087 -9341 -2896
64 10635711582330121 28557 -1462 -149 60492 373287 8595 -1119 -4986 9403 3340 649
99 10635711653552431 25559 -2578 2528 384843 3240749 -4841 1781 8566 -9089 3863 1565
10 10635711806891636 -5078 15895 -504 48144 2866346 -2835 9540 -965 -4588 6600 5947
88 10635711817866786 27868 -4306 -27 89926 1409339 8621 -4371 -2563 5360 -8409 -733
8 10635711921079307 -7153 -9411 67 227627 4710973 -877 2682 -9593 -5728 8018 -1696
4 10635711951028650 25618 -2603 637 96554 2038152 40 6141 7891 471 8128 -5806
52 10635712070047358 27300 -5768 409 102630 920577 10 5223 8527 3604 9312 -528
10 10635712334888166 -5078 15895 -503 72228 4221984 -1811 9218 3427 -2691 8005 5353
57 10635712347977919 25061 -4088 105 169541 856066 -6688 -3306 6658 -8302 -5572 -137
8 10635712433075454 -7152 -9411 67 235180 5064830 -479 3163 -9474 -3685 9139 -1701
4 10635712439072771 25618 -2603 637 113168 3480464 -371 7419 6694 -390 9390 -3414
49 10635712670636206 28065 -4433 295 151849 1051584 -1164 2377 9643 904 5527 8284
10 10635712862885398 -5078 15895 -503 31971 2115762 2643 8570 4422 2829 1803 9420
106 10635712886395695 25338 -2799 297 74174 959158 5296 5094 6781 7595 5595 3315
4 10635712927118060 25618 -2603 638 142470 5672809 -958 8384 5364 -1177 9709 -2083
8 10635712945071398 -7153 -9411 66 255510 4031986 -600 2208 -9734 -5374 7766 -3285
40 10635713376900613 27208 -477 1745 329294 3666944 7335 5548 3924 8353 5444 764
10 10635713390882431 -5078 15895 -504 67284 4545657 8135 345 -5804 9132 -3491 2099
4 10635713415162783 25618 -2603 637 41918 2938248 716 1786 9812 -142 -7763 -6300
8 10635713457067818 -7153 -9411 65 249563 3682895 -1257 573 -9904 -9377 -257 -3464
74 10635713497315430 25020 -1572 397 145214 1382105 9353 -607 -3484 8549 -233 5181
61 10635713644500136 27069 -197 -12 265455 3054232 -4723 -570 -8795 -6800 -2283 -6966
59 10635713752944715 27653 -4354 874 69589 804821 331 2897 9565 1642 7951 5837
75 10635713841149946 26177 -1231 -449 312492 2151006 2189 -583 -9739 355 7659 -6418
73 10635713878121959 25241 -1701 196 64010 1606974 -5274 6497 -5473 -9612 900 2606
4 10635713903207240 25618 -2604 637 71055 7188391 -3610 -7578 5434 -3379 -9030 -2652
44 10635713908924427 25810 -1663 266 201657 3359939 713 9962 479 4161 8969 1490
10 10635713918878846 -5078 15895 -506 117190 3700190 4059 4030 -8202 9016 4314 -309
8 10635713969063733 -7153 -9411 66 230259 4139890 -1228 2328 -9647 -7121 6761 -1891